3.1999999999999993
0.0
-0.20000000000000057
0.6000000000000001
0.2
-0.2
-0.2
-11.200000000000012
-2.400000000000001
-1.0
-4.200000000000001
0.0
-3.1999999999999997
-0.20000000000000007
0.8
0.6000000000000001
-1.2000000000000004
0.0
-1.8
-2.2
0.0
0.8
-3.799999999999998
-3.199999999999999
0.4
-0.2
1.0
2.0
3.999999999999999
0.6000000000000001
2.1999999999999997
2.6
1.2000000000000002
-1.0
-0.2
0.0
0.0
0.0
0.2
-0.4
0.0
5.551115123125783e-17
0.0
0.0
-0.4
0.2
0.0
5.200000000000002
-0.2
-1.0
-1.0
-0.6000000000000001
0.0
-0.2
1.8000000000000003
0.0
0.0
0.2
0.0
-0.2
-1.6
-0.2
6.999999999999999
1.8
-1.4
0.6000000000000005
0.3999999999999992
-3.1999999999999993
-1.1102230246251565e-16
2.0
0.8
-2.9999999999999996
-3.2
1.0000000000000007
-3.8
1.4
1.6
1.0
-0.8
-0.4
3.0000000000000013
-4.4
1.8000000000000003
5.000000000000002
